0 5e-05
1 5.0106e-05
2 5.01672e-05
3 5.02152e-05
4 5.02552e-05
5 5.02891e-05
6 5.0318e-05
7 5.03425e-05
8 5.03633e-05
9 5.03808e-05
10 5.03953e-05
11 5.04072e-05
12 5.04168e-05
13 5.04244e-05
14 5.04304e-05
15 5.0435e-05
16 5.04384e-05
17 5.04407e-05
18 5.04422e-05
19 5.0443e-05
20 5.04432e-05
21 5.04429e-05
22 5.04421e-05
23 5.0441e-05
24 5.04397e-05
25 5.04381e-05
26 5.04363e-05
27 5.04343e-05
28 5.04322e-05
29 5.043e-05
30 5.04277e-05
31 5.04253e-05
32 5.04228e-05
33 5.04204e-05
34 5.04178e-05
35 5.04153e-05
36 5.04127e-05
37 9.40247e-05
38 0.000108001
39 0.000115776
40 0.000120239
41 0.000122689
42 0.000123835
43 0.000124087
44 0.0001237
45 0.000122847
46 0.000121653
47 0.000120213
48 0.000118599
49 0.00011687
50 0.000115068
51 0.00011323
52 0.000111382
53 0.000109543
54 0.00010773
55 0.000105952
56 0.000104218
57 0.000102533
58 0.0001009
59 9.93219e-05
60 9.77989e-05
61 9.6331e-05
62 9.49176e-05
63 9.35574e-05
64 9.22492e-05
65 9.09911e-05
66 8.97815e-05
67 8.86184e-05
68 8.75e-05
69 8.64243e-05
70 8.53894e-05
71 8.43936e-05
72 8.34351e-05
73 8.25121e-05
74 8.16231e-05
75 8.07663e-05
76 7.99404e-05
77 7.91439e-05
78 7.83755e-05
79 7.76339e-05
80 7.69179e-05
81 7.62262e-05
82 7.55579e-05
83 7.49119e-05
84 7.42872e-05
85 7.36829e-05
86 7.30981e-05
87 7.2532e-05
88 7.19838e-05
89 7.14528e-05
90 7.09383e-05
91 7.04395e-05
92 6.99559e-05
93 6.94868e-05
94 6.90318e-05
95 6.85902e-05
96 6.81615e-05
97 6.77453e-05
98 6.7341e-05
99 6.69483e-05
100 6.65667e-05
101 6.61958e-05
102 6.58352e-05
103 6.54846e-05
104 6.51436e-05
105 6.48118e-05
106 6.44891e-05
107 6.41749e-05
108 6.38692e-05
109 6.35715e-05
110 6.32816e-05
111 6.29993e-05
112 6.27243e-05
113 6.24563e-05
114 6.21953e-05
115 6.19408e-05
116 6.16928e-05
117 6.1451e-05
118 6.12152e-05
119 6.09853e-05
120 6.07611e-05
121 6.05423e-05
122 6.03289e-05
123 6.01207e-05
124 5.99175e-05
125 5.97192e-05
126 5.95256e-05
127 5.93366e-05
128 5.91521e-05
129 5.89719e-05
130 5.87959e-05
131 5.86241e-05
132 5.84562e-05
133 5.82922e-05
134 5.8132e-05
135 5.79754e-05
136 5.78224e-05
137 5.76729e-05
138 5.75268e-05
139 5.73839e-05
140 5.72442e-05
141 5.71077e-05
142 5.69742e-05
143 5.68436e-05
144 5.67159e-05
145 5.65911e-05
146 5.64689e-05
147 5.63494e-05
148 5.62325e-05
149 5.61181e-05
150 5.60062e-05
151 5.58967e-05
152 5.57896e-05
153 5.56847e-05
154 5.5582e-05
155 5.54815e-05
156 5.53832e-05
157 5.52869e-05
158 5.51926e-05
159 5.51003e-05
160 5.50099e-05
161 5.49213e-05
162 5.48346e-05
163 5.47497e-05
164 5.46666e-05
165 5.45851e-05
166 5.45053e-05
167 5.44271e-05
168 5.43505e-05
169 5.42755e-05
170 5.4202e-05
171 5.41299e-05
172 5.40593e-05
173 5.39901e-05
174 5.39223e-05
175 5.38558e-05
176 5.37907e-05
177 5.37268e-05
178 5.36642e-05
179 5.36029e-05
180 5.35427e-05
181 5.34837e-05
182 5.34259e-05
183 5.33691e-05
184 5.33135e-05
185 5.3259e-05
186 5.32055e-05
187 5.3153e-05
188 5.31016e-05
189 5.30511e-05
190 5.30016e-05
191 5.29531e-05
192 5.29054e-05
193 5.28587e-05
194 5.28129e-05
195 5.27679e-05
196 5.27238e-05
197 5.26805e-05
198 5.2638e-05
199 5.25963e-05
200 5.25554e-05
201 5.25152e-05
202 5.50541e-05
203 5.72561e-05
204 5.93672e-05
205 6.14976e-05
206 6.37227e-05
207 6.61036e-05
208 6.86979e-05
209 7.15638e-05
210 7.47704e-05
211 7.84034e-05
212 8.25752e-05
213 8.74384e-05
214 9.32113e-05
215 0.000100208
216 0.000108913
217 0.000120106
218 0.000135114
219 0.000156384
220 0.000188778
221 0.000242701
222 0.0003399
223 0.000514764
224 0.000795223
225 0.00118397
226 0.00166263
227 0.0022034
228 0.0027783
229 0.00336406
230 0.00394287
231 0.00450152
232 0.00503039
233 0.00552263
234 0.00597366
235 0.0063807
236 0.00674247
237 0.00705888
238 0.00733076
239 0.00755966
240 0.00774764
241 0.00789713
242 0.00801078
243 0.00809137
244 0.0081417
245 0.00816458
246 0.0081627
247 0.00813867
248 0.00809496
249 0.00803388
250 0.00795758
251 0.00786806
252 0.00776713
253 0.00765647
254 0.0075376
255 0.00741189
256 0.00728057
257 0.00714476
258 0.00700544
259 0.00686351
260 0.00671973
261 0.00657481
262 0.00642936
263 0.00628391
264 0.00613893
265 0.00599482
266 0.00585194
267 0.00571058
268 0.00557101
269 0.00543344
270 0.00538978
271 0.00530216
272 0.00519676
273 0.0050803
274 0.00495763
275 0.00483212
276 0.00470604
277 0.00458088
278 0.00445757
279 0.00433671
280 0.00421867
281 0.00410364
282 0.00399173
283 0.00388298
284 0.00377737
285 0.00367487
286 0.00357543
287 0.00347897
288 0.00338543
289 0.00329471
290 0.00320676
291 0.00312147
292 0.00303878
293 0.00295861
294 0.00288087
295 0.00280644
296 0.00273487
297 0.00266599
298 0.00259955
299 0.0025353
300 0.00247397
301 0.00241597
302 0.00236069
303 0.00230777
304 0.00225676
305 0.00220732
306 0.00215917
307 0.00211209
308 0.00206596
309 0.00202068
310 0.0019762
311 0.00193249
312 0.00189041
313 0.00184961
314 0.00181001
315 0.00177145
316 0.00173381
317 0.00169698
318 0.00166088
319 0.00162544
320 0.0015924
321 0.00156185
322 0.00153415
323 0.00150851
324 0.00148443
325 0.00146225
326 0.00144116
327 0.00142166
328 0.00140298
329 0.00138475
330 0.00136662
331 0.00134833
332 0.00132971
333 0.00131151
334 0.00129331
335 0.00127504
336 0.0012566
337 0.00123789
338 0.00122148
339 0.00120617
340 0.00119176
341 0.00117786
342 0.00116496
343 0.00115327
344 0.00114214
345 0.00113123
346 0.00112019
347 0.00110878
348 0.00109765
349 0.00108633
350 0.00107471
351 0.00106265
352 0.00105005
353 0.00103687
354 0.00102392
355 0.00101085
356 0.00099763
357 0.000984191
358 0.000970475
359 0.000956449
360 0.000942919
361 0.000929511
362 0.000916196
363 0.000902888
364 0.00088951
365 0.000877642
366 0.000866464
367 0.000855857
368 0.000845579
369 0.000835414
370 0.000825199
371 0.000814818
372 0.000804993
373 0.000796104
374 0.00078851
375 0.000781636
376 0.000775213
377 0.000768939
378 0.000762572
379 0.000755934
380 0.0007497
381 0.000743406
382 0.000736966
383 0.000731054
384 0.000725182
385 0.000720044
386 0.00071591
387 0.000713031
388 0.00071075
389 0.000708735
390 0.000707455
391 0.000706242
392 0.000704846
393 0.000703019
394 0.000700576
395 0.000697399
396 0.000693425
397 0.000689419
398 0.000685005
399 0.000680171
400 0.000674858
401 0.000669022
402 0.000662647
403 0.000655738
404 0.000649085
405 0.000642329
406 0.000635468
407 0.000628441
408 0.000621965
409 0.000616393
410 0.000612875
411 0.000611237
412 0.000610747
413 0.000610951
414 0.000612196
415 0.000614524
416 0.000617194
417 0.000619837
418 0.000622901
419 0.000625715
420 0.000628037
421 0.000630435
422 0.000633158
423 0.000635649
424 0.000638502
425 0.000641902
426 0.000645215
427 0.000648152
428 0.000650422
429 0.000651809
430 0.000652172
431 0.00065144
432 0.000649593
433 0.000646654
434 0.000642673
435 0.000637724
436 0.000631893
437 0.000625273
438 0.000619505
439 0.000613879
440 0.000608392
441 0.000602903
442 0.000597283
443 0.000591437
444 0.000585299
445 0.000578834
446 0.000572026
447 0.000564882
448 0.000557416
449 0.000549657
450 0.000542375
451 0.000535204
452 0.000528142
453 0.000521875
454 0.000516704
455 0.000512127
456 0.000507973
457 0.000504031
458 0.000500882
459 0.000497983
460 0.000495199
461 0.000493121
462 0.000491208
463 0.000489326
464 0.000487312
465 0.000485791
466 0.000484269
467 0.000482647
468 0.000480797
469 0.000478619
470 0.000476047
471 0.000473044
472 0.000469597
473 0.00046644
474 0.000463937
475 0.00046166
476 0.000459505
477 0.000457318
478 0.000454977
479 0.000453131
480 0.000451308
481 0.000449435
482 0.000448141
483 0.000446923
484 0.000446434
485 0.000446891
486 0.000447723
487 0.000448713
488 0.00044962
489 0.000450253
490 0.000450476
491 0.000450194
492 0.000449353
493 0.000448663
494 0.000447718
495 0.000446495
496 0.000444926
497 0.000444462
498 0.00044424
499 0.000444934
500 0.000446709
501 0.000449717
502 0.000453263
503 0.000457015
504 0.000461418
505 0.000465798
506 0.000471496
507 0.000478249
508 0.000485363
509 0.000492448
510 0.000499118
511 0.000506662
512 0.000514054
513 0.000521059
514 0.000527371
515 0.000532753
516 0.000537045
517 0.000540159
518 0.000542058
519 0.00054352
520 0.000545781
521 0.000548043
522 0.000550173
523 0.000551928
524 0.00055389
525 0.000555514
526 0.00055666
527 0.000557171
528 0.000557709
529 0.00055781
530 0.0005574
531 0.000556375
532 0.00055466
533 0.00055222
534 0.00054905
535 0.000545168
536 0.000540612
537 0.00053618
538 0.00053153
539 0.000526682
540 0.000521593
541 0.000516232
542 0.000510578
543 0.00050463
544 0.000499131
545 0.000493692
546 0.0004883
547 0.000482881
548 0.000478115
549 0.000474306
550 0.000471742
551 0.000531831
552 0.000560522
553 0.000579274
554 0.000590732
555 0.000596665
556 0.00059843
557 0.000597806
558 0.000595949
559 0.000594597
560 0.000593199
561 0.000591768
562 0.000590141
563 0.000588153
564 0.000586458
565 0.000584569
566 0.000582382
567 0.000580543
568 0.000578552
569 0.000576298
570 0.000573643
571 0.000571256
572 0.000569463
573 0.000567779
574 0.000566043
575 0.00056484
576 0.00056361
577 0.000562202
578 0.000560439
579 0.000558191
580 0.000555373
581 0.000551943
582 0.000547888
583 0.000544754
584 0.000541758
585 0.000539633
586 0.000537802
587 0.000536073
588 0.000534229
589 0.000532101
590 0.000529569
591 0.000526554
592 0.000523018
593 0.000518948
594 0.000514354
595 0.000510001
596 0.000505522
597 0.000500922
598 0.000496148
599 0.000491155
600 0.000485919
601 0.000480427
602 0.000474683
603 0.000468697
604 0.00046396
605 0.00045966
606 0.000455747
607 0.000452804
608 0.000450265
609 0.000447974
610 0.000507197
611 0.000535353
612 0.0005537
613 0.000564974
614 0.000572484
615 0.000576753
616 0.000579461
617 0.00058151
618 0.00058278
619 0.000583347
620 0.000583174
621 0.000582218
622 0.000580449
623 0.000577861
624 0.000574468
625 0.000570305
626 0.000565417
627 0.000559863
628 0.000553709
629 0.000547023
630 0.000539875
631 0.000532332
632 0.000524459
633 0.00051632
634 0.00050797
635 0.000500182
636 0.000492598
637 0.000485222
638 0.000477997
639 0.000471598
640 0.000465569
641 0.000459843
642 0.000455043
643 0.000450653
644 0.000446561
645 0.00044336
646 0.000440508
647 0.000437877
648 0.000435306
649 0.000432666
650 0.000430596
651 0.000428617
652 0.000427394
653 0.000427154
654 0.000428109
655 0.00042963
656 0.000432217
657 0.000435165
658 0.000438206
659 0.00044107
660 0.000443548
661 0.000445488
662 0.000446792
663 0.000448144
664 0.000449116
665 0.000449671
666 0.000449733
667 0.000449991
668 0.000450008
669 0.00044974
670 0.000449101
671 0.000448023
672 0.000447206
673 0.000446224
674 0.000445041
675 0.000443573
676 0.000441758
677 0.000439556
678 0.000439214
679 0.00043946
680 0.00044018
681 0.000441098
682 0.000442729
683 0.000445245
684 0.000448829
685 0.00045361
686 0.000458863
687 0.000464235
688 0.000470155
689 0.000475943
690 0.000481353
691 0.000486146
692 0.000490144
693 0.000493232
694 0.000496109
695 0.000499133
696 0.000501866
697 0.000504974
698 0.000507897
699 0.000510471
700 0.000512514
701 0.00051389
702 0.000514513
703 0.000515095
704 0.000516004
705 0.000580065
706 0.000611783
707 0.000632671
708 0.000645499
709 0.000652965
710 0.000656977
711 0.000658225
712 0.000657396
713 0.000654908
714 0.000651056
715 0.000646841
716 0.000642043
717 0.000636756
718 0.000630986
719 0.000625507
720 0.000619931
721 0.000614227
722 0.000610714
723 0.00060808
724 0.000606124
725 0.000605283
726 0.000605637
727 0.000606473
728 0.000607439
729 0.000608191
730 0.000608459
731 0.00060806
732 0.000606877
733 0.000605626
734 0.000603898
735 0.000601663
736 0.000599627
737 0.000597345
738 0.000594749
739 0.000591734
740 0.000588223
741 0.000584169
742 0.00058111
743 0.000578238
744 0.000576273
745 0.000575422
746 0.000575058
747 0.000574899
748 0.000575439
749 0.000576037
750 0.000577269
751 0.000578504
752 0.00057952
753 0.000581693
754 0.000584854
755 0.000588374
756 0.00059355
757 0.0005992
758 0.000604933
759 0.000610309
760 0.000616614
761 0.000622791
762 0.00062857
763 0.000633618
764 0.000637677
765 0.000640579
766 0.000642233
767 0.000642609
768 0.000641724
769 0.000640412
770 0.000639154
771 0.000637594
772 0.000635665
773 0.000633245
774 0.000631026
775 0.000629355
776 0.000627751
777 0.000626049
778 0.000624049
779 0.000622381
780 0.000621339
781 0.000620404
782 0.000619385
783 0.000618854
784 0.000619042
785 0.000621025
786 0.000623732
787 0.000627617
788 0.000633511
789 0.000640163
790 0.000647903
791 0.000655776
792 0.000663282
793 0.000669979
794 0.000676361
795 0.000681825
796 0.000687016
797 0.000691376
798 0.000694744
799 0.00069696
800 0.000698727
801 0.000699615
802 0.000700388
803 0.000702239
804 0.000704253
805 0.000706183
806 0.000709353
807 0.000713524
808 0.000717969
809 0.000722242
810 0.000726743
811 0.000730749
812 0.000733979
813 0.000736175
814 0.000737165
815 0.000736856
816 0.000736855
817 0.000736397
818 0.000735428
819 0.000734599
820 0.00073338
821 0.000731631
822 0.000729194
823 0.000725957
824 0.000722659
825 0.000718893
826 0.000714622
827 0.00070977
828 0.000704284
829 0.000698147
830 0.000692149
831 0.000685924
832 0.000679467
833 0.000672719
834 0.000665632
835 0.000658182
836 0.000650367
837 0.000642961
838 0.000635592
839 0.000628246
840 0.000620853
841 0.000614115
842 0.00060759
843 0.000602785
844 0.000598749
845 0.00059529
846 0.000592117
847 0.000589765
848 0.000587635
849 0.000585545
850 0.000583295
851 0.000581504
852 0.000579662
853 0.000577659
854 0.000575355
855 0.000572647
856 0.000569467
857 0.000565783
858 0.000561587
859 0.000556892
860 0.000615034
861 0.000641215
862 0.000657562
863 0.000666643
864 0.000671195
865 0.000672231
866 0.000670729
867 0.000667322
868 0.000662451
869 0.000656438
870 0.000649521
871 0.000641883
872 0.00069844
873 0.000722528
874 0.000735574
875 0.000740675
876 0.000739973
877 0.000735108
878 0.000728062
879 0.000719333
880 0.000710302
881 0.000700922
882 0.000691381
883 0.00068251
884 0.000674714
885 0.00066753
886 0.000660791
887 0.000655068
888 0.00064977
889 0.000644707
890 0.000639667
891 0.000635264
892 0.000633424
893 0.000632755
894 0.00063294
895 0.000633505
896 0.000634042
897 0.000634243
898 0.000634676
899 0.000634797
900 0.000636923
901 0.000640498
902 0.000644828
903 0.000649432
904 0.000653827
905 0.000657634
906 0.000661386
907 0.000664509
908 0.00066685
909 0.000668248
910 0.000668602
911 0.000667866
912 0.000666824
913 0.00066592
914 0.000664758
915 0.000664875
916 0.000665306
917 0.00066583
918 0.000666137
919 0.000665971
920 0.00066515
921 0.000663557
922 0.000661917
923 0.000659816
924 0.000657219
925 0.000654837
926 0.000652219
927 0.000649294
928 0.000645953
929 0.000642114
930 0.00063773
931 0.000633554
932 0.000629195
933 0.000624629
934 0.000619785
935 0.000615373
936 0.000611744
937 0.000608428
938 0.000606061
939 0.000604035
940 0.000602143
941 0.000600942
942 0.000599846
943 0.000598679
944 0.00059725
945 0.000595411
946 0.000593064
947 0.000590154
948 0.000587419
949 0.00058446
950 0.000582029
951 0.000579645
952 0.000577987
953 0.000576505
954 0.00057504
955 0.000573409
956 0.000571464
957 0.000569872
958 0.000568164
959 0.000567039
960 0.000565973
961 0.000565615
962 0.000565389
963 0.000565121
964 0.000564615
965 0.00056372
966 0.000562333
967 0.00056039
968 0.000557864
969 0.000554751
970 0.000551817
971 0.00054869
972 0.000545369
973 0.000542555
974 0.000539795
975 0.000537018
976 0.000534113
977 0.000532524
978 0.000532144
979 0.00053322
980 0.000536681
981 0.000541311
982 0.000546649
983 0.000552183
984 0.000558287
985 0.000564235
986 0.000570546
987 0.000576551
988 0.000582806
989 0.000588669
990 0.000593919
991 0.000599129
992 0.000603744
993 0.000607619
994 0.000610599
995 0.000612579
996 0.000613506
997 0.000614949
998 0.000616127
999 0.000617789
1000 0.000620176
